$ANSIBLE_VAULT;1.1;AES256
63393461323433353935633932313734663032383738313562373263353932616330376464323734
6164656364636139396661303138353038376665366365630a656362346631396166666661643066
32303030343563663265313061393436663632663234333031303335323730316262316530633065
3336353131323963370a666664393964373030373739306533333633666264333330393465356565
32633530633835343339643834383536666263343139353636306338613162633939313364333839
64323433636364663766656632303338333662343434633637623834646631633366393336353235
65333536323336616637663931346164353463356561383335353363356164303934303937333132
63663537636632363666666661346365656433343339623965303534613565393132316135663636
36343864383161383662343539643734633463383763663563333438626265646133616465393232
32313562363264396165656461623736346164343231336438366237396566653763653137386435
65366139616665623366643361396431613939333861623836643234366361623033633161613538
61303462653664633066646663366362346132373964326332316264306635333365363330633562
32633362663561356561383739653139663664626433396563393361373263613566393461366663
34653735653261363936363131386635343462373133333766633637633538653239303336356635
64303630376134643633316464656466333431623131653963393663383165326131393239353662
62303833613831383731623232326332393634316133336562393138386266626662323061353166
38613530393261373439383763316465383563643264353762613335636464623237356235393734
39356630356362363338653439383130663937623636363134393534393736373661313062306234
36323530666239613237376263373336626362333332353962313336316165386364346239333063
38383962333939616562303266323964356433373131333463633630636437333736373166343063
38373864623430666331666366306333386362373264653539653565383936353539373064653735
64363338363638656631363161313665616263336664616362663362353835393363393638336536
32373466656264623565623566663163356363343737383963613963326362626635616231346237
65653565623036623965666163373238376638613136313330353833653563353165613130363062
6363
