$ANSIBLE_VAULT;1.1;AES256
34336437323664373431653631313564366565626166636639343031663635663138636437393239
6437613132663661646533633138616133616365643430370a303732383035353830306163336132
34393462336231363462373838373639633734666137373866336164313739646465353933386135
6666326238663330380a323262306132386563396161636138653334616361656133323738323361
32666161656638383631623066333635636135333938616463333766353735323036323632353633
63356264393461383265646636333766656135353263613539306262313166383938353636313265
33343962366562666539636131303436353434393966303836636333333165633065626634623834
37356261323131303736643035396632623234386462653634663030326165636165343037396236
37373333356132616235373234353363316337366132316662326336636463363464363338643265
63326133313264333433613164636234336531336430666166616133366631313334646637386536
32376662326635383934376530396137616631623163356263613630353334643532393665616330
32386536653565326365656133306332356435663734343261316231316365303939666232356364
6363
